0.885150 0.083866 0.018200 0.006283 0.002245 0.000825 0.000400 0.000332 0.000339 0.000319 0.000263 0.000206 0.000153 0.000118 0.000102 0.000098 0.000095 0.000087 0.000074 0.000061 0.000049 0.000040 0.000037 0.000036 0.000036 0.000034 0.000031 0.000028 0.000026 0.000026 0.000025 0.000025 0.000024 0.000023 0.000022 0.000021 0.000021 0.000020 0.000022 0.000022 0.000022 0.000023 0.000023 0.000022 0.000022 0.000022 0.000020 0.000020 0.000021 0.000022 
0.151470 0.653743 0.126137 0.035297 0.013365 0.005346 0.002408 0.001467 0.001246 0.001147 0.001038 0.000852 0.000674 0.000531 0.000429 0.000369 0.000334 0.000309 0.000279 0.000247 0.000210 0.000182 0.000163 0.000152 0.000143 0.000138 0.000129 0.000119 0.000111 0.000104 0.000101 0.000095 0.000094 0.000092 0.000093 0.000091 0.000089 0.000092 0.000091 0.000093 0.000095 0.000094 0.000095 0.000095 0.000095 0.000091 0.000090 0.000083 0.000095 0.000096 
0.045277 0.173745 0.562221 0.130542 0.040562 0.017526 0.007895 0.003794 0.002169 0.001691 0.001562 0.001435 0.001252 0.001039 0.000834 0.000659 0.000549 0.000487 0.000458 0.000425 0.000385 0.000341 0.000298 0.000257 0.000235 0.000229 0.000229 0.000221 0.000206 0.000191 0.000172 0.000162 0.000158 0.000162 0.000165 0.000166 0.000166 0.000159 0.000161 0.000159 0.000162 0.000168 0.000172 0.000167 0.000165 0.000167 0.000158 0.000156 0.000162 0.000181 
0.020173 0.062752 0.168489 0.510241 0.130893 0.046807 0.022284 0.010478 0.004869 0.002569 0.001879 0.001771 0.001748 0.001567 0.001310 0.001039 0.000804 0.000671 0.000603 0.000577 0.000553 0.000504 0.000433 0.000373 0.000330 0.000315 0.000317 0.000317 0.000306 0.000277 0.000253 0.000233 0.000230 0.000231 0.000237 0.000247 0.000241 0.000236 0.000225 0.000224 0.000222 0.000236 0.000239 0.000237 0.000247 0.000239 0.000237 0.000222 0.000244 0.000270 
0.008030 0.026472 0.058327 0.145831 0.509263 0.135815 0.048856 0.023409 0.011200 0.005619 0.003191 0.002341 0.002035 0.001867 0.001643 0.001400 0.001186 0.000972 0.000832 0.000723 0.000664 0.000606 0.000545 0.000496 0.000461 0.000430 0.000407 0.000394 0.000378 0.000353 0.000331 0.000323 0.000313 0.000312 0.000313 0.000308 0.000309 0.000304 0.000302 0.000299 0.000307 0.000302 0.000302 0.000305 0.000304 0.000312 0.000302 0.000304 0.000346 0.000354 
0.003268 0.011718 0.027891 0.057712 0.150303 0.486597 0.136128 0.052197 0.025135 0.012574 0.006539 0.003557 0.002404 0.002025 0.001900 0.001753 0.001575 0.001349 0.001106 0.000905 0.000759 0.000685 0.000643 0.000613 0.000585 0.000546 0.000502 0.000463 0.000441 0.000429 0.000422 0.000415 0.000406 0.000396 0.000382 0.000373 0.000365 0.000363 0.000366 0.000381 0.000361 0.000362 0.000362 0.000351 0.000371 0.000368 0.000382 0.000397 0.000424 0.000454 
0.001694 0.005643 0.013431 0.029371 0.057799 0.145522 0.474360 0.138688 0.052926 0.026660 0.014268 0.007232 0.003776 0.002424 0.002043 0.001997 0.001920 0.001728 0.001477 0.001164 0.000941 0.000787 0.000728 0.000715 0.000689 0.000663 0.000612 0.000555 0.000521 0.000508 0.000506 0.000507 0.000500 0.000484 0.000464 0.000444 0.000425 0.000419 0.000439 0.000434 0.000428 0.000426 0.000416 0.000414 0.000417 0.000432 0.000462 0.000464 0.000511 0.000566 
0.001458 0.003571 0.006704 0.014346 0.028767 0.057960 0.144061 0.462903 0.136829 0.054887 0.030328 0.015305 0.007761 0.003909 0.002512 0.002193 0.002203 0.002071 0.001857 0.001541 0.001238 0.001003 0.000851 0.000799 0.000785 0.000762 0.000730 0.000691 0.000647 0.000610 0.000595 0.000599 0.000586 0.000582 0.000560 0.000531 0.000506 0.000505 0.000492 0.000494 0.000492 0.000487 0.000491 0.000479 0.000482 0.000511 0.000523 0.000531 0.000614 0.000659 
0.001418 0.002888 0.003650 0.006347 0.013106 0.026577 0.052351 0.130295 0.481885 0.136668 0.055927 0.027957 0.015041 0.007767 0.004132 0.002808 0.002423 0.002345 0.002163 0.001890 0.001630 0.001313 0.001061 0.000911 0.000868 0.000866 0.000853 0.000833 0.000794 0.000731 0.000689 0.000664 0.000666 0.000657 0.000645 0.000632 0.000628 0.000592 0.000578 0.000574 0.000563 0.000589 0.000591 0.000571 0.000601 0.000599 0.000606 0.000630 0.000668 0.000760 
0.001291 0.002572 0.002753 0.003241 0.006363 0.012865 0.025517 0.050574 0.132244 0.484584 0.137342 0.050708 0.027216 0.014566 0.007763 0.004312 0.002995 0.002564 0.002448 0.002188 0.001966 0.001653 0.001326 0.001100 0.000972 0.000960 0.000972 0.000947 0.000919 0.000857 0.000782 0.000744 0.000727 0.000726 0.000730 0.000744 0.000712 0.000687 0.000666 0.000647 0.000656 0.000662 0.000664 0.000685 0.000691 0.000692 0.000709 0.000678 0.000749 0.000874 
0.001131 0.002469 0.002698 0.002515 0.003833 0.007097 0.014486 0.029642 0.057404 0.145686 0.448155 0.131984 0.057527 0.029896 0.015362 0.007905 0.004396 0.003140 0.002707 0.002526 0.002277 0.002013 0.001675 0.001377 0.001185 0.001078 0.001055 0.001044 0.001027 0.000970 0.000921 0.000854 0.000813 0.000801 0.000843 0.000813 0.000796 0.000774 0.000739 0.000731 0.000701 0.000700 0.000732 0.000734 0.000756 0.000777 0.000738 0.000733 0.000862 0.000923 
0.000857 0.001966 0.002404 0.002299 0.002728 0.003744 0.007123 0.014511 0.027836 0.052178 0.128032 0.477114 0.134266 0.051615 0.026909 0.014659 0.008137 0.004684 0.003287 0.002700 0.002478 0.002215 0.001933 0.001679 0.001445 0.001288 0.001176 0.001137 0.001101 0.001050 0.000998 0.000946 0.000898 0.000900 0.000891 0.000866 0.000843 0.000824 0.000842 0.000826 0.000802 0.000838 0.000848 0.000830 0.000871 0.000844 0.000832 0.000868 0.000914 0.000968 
0.000691 0.001687 0.002275 0.002461 0.002571 0.002745 0.004033 0.007980 0.016239 0.030367 0.060512 0.145593 0.433796 0.133835 0.056471 0.029739 0.016084 0.008597 0.004803 0.003262 0.002613 0.002417 0.002223 0.002050 0.001818 0.001581 0.001386 0.001225 0.001164 0.001119 0.001078 0.001039 0.001027 0.000961 0.000942 0.000897 0.000870 0.000878 0.000880 0.000884 0.000892 0.000889 0.000876 0.000887 0.000873 0.000889 0.000943 0.000898 0.000951 0.001110 
0.000545 0.001359 0.001931 0.002256 0.002413 0.002366 0.002648 0.004112 0.008580 0.016627 0.032173 0.057261 0.136923 0.437746 0.134662 0.056594 0.030935 0.016619 0.008969 0.004892 0.003207 0.002570 0.002431 0.002311 0.002151 0.001945 0.001681 0.001469 0.001281 0.001192 0.001146 0.001135 0.001095 0.001058 0.001020 0.000945 0.000928 0.000922 0.000935 0.000983 0.000977 0.000974 0.000987 0.000934 0.000958 0.001019 0.000982 0.000935 0.001083 0.001137 
0.000476 0.001106 0.001560 0.001900 0.002138 0.002234 0.002247 0.002661 0.004595 0.008922 0.016646 0.030058 0.058173 0.135590 0.435035 0.134195 0.058374 0.031089 0.017133 0.009184 0.005029 0.003233 0.002616 0.002519 0.002424 0.002302 0.002079 0.001789 0.001523 0.001318 0.001259 0.001190 0.001169 0.001147 0.001134 0.001066 0.001012 0.001001 0.001049 0.001057 0.001048 0.001087 0.001047 0.001032 0.001104 0.001067 0.001029 0.001080 0.001134 0.001140 
0.000453 0.000940 0.001219 0.001490 0.001801 0.002037 0.002172 0.002295 0.003087 0.004899 0.008467 0.016186 0.030282 0.056327 0.132650 0.438212 0.134967 0.056514 0.031279 0.017042 0.009458 0.005127 0.003306 0.002721 0.002658 0.002595 0.002441 0.002181 0.001858 0.001615 0.001373 0.001263 0.001233 0.001217 0.001259 0.001210 0.001147 0.001144 0.001140 0.001143 0.001151 0.001136 0.001161 0.001190 0.001166 0.001131 0.001184 0.001126 0.001145 0.001200 
0.000437 0.000855 0.001019 0.001156 0.001530 0.001837 0.002095 0.002314 0.002673 0.003414 0.004723 0.009013 0.016430 0.030887 0.057884 0.135392 0.427061 0.133946 0.058967 0.031072 0.017866 0.009677 0.005159 0.003407 0.002913 0.002885 0.002773 0.002577 0.002319 0.001939 0.001636 0.001378 0.001304 0.001317 0.001362 0.001331 0.001321 0.001262 0.001243 0.001257 0.001197 0.001221 0.001293 0.001230 0.001229 0.001301 0.001245 0.001135 0.001207 0.001311 
0.000385 0.000761 0.000869 0.000929 0.001207 0.001514 0.001814 0.002093 0.002489 0.002812 0.003246 0.004993 0.008451 0.015968 0.029667 0.054557 0.128902 0.442785 0.133940 0.053929 0.031030 0.017351 0.009170 0.005099 0.003625 0.003159 0.003070 0.002889 0.002639 0.002296 0.001943 0.001637 0.001478 0.001443 0.001467 0.001464 0.001434 0.001425 0.001421 0.001361 0.001346 0.001421 0.001364 0.001310 0.001412 0.001368 0.001257 0.001188 0.001287 0.001336 
0.000327 0.000685 0.000816 0.000832 0.001030 0.001238 0.001547 0.001872 0.002290 0.002679 0.002792 0.003494 0.004710 0.008596 0.016308 0.030120 0.056604 0.133603 0.434986 0.129311 0.057096 0.031226 0.016487 0.009009 0.005308 0.003903 0.003391 0.003174 0.002915 0.002621 0.002299 0.001976 0.001769 0.001606 0.001647 0.001562 0.001533 0.001556 0.001525 0.001523 0.001536 0.001475 0.001426 0.001469 0.001457 0.001371 0.001307 0.001288 0.001342 0.001362 
0.000262 0.000586 0.000733 0.000771 0.000868 0.000982 0.001181 0.001505 0.001937 0.002318 0.002523 0.002780 0.003097 0.004541 0.008466 0.015892 0.028886 0.052096 0.125232 0.462518 0.127556 0.051256 0.027077 0.015441 0.008979 0.005513 0.004037 0.003358 0.003015 0.002752 0.002552 0.002284 0.002067 0.001937 0.001860 0.001720 0.001677 0.001629 0.001691 0.001779 0.001647 0.001560 0.001606 0.001526 0.001450 0.001394 0.001386 0.001327 0.001342 0.001408 
0.000233 0.000551 0.000734 0.000816 0.000880 0.000909 0.001054 0.001336 0.001846 0.002301 0.002512 0.002819 0.002741 0.003288 0.005121 0.009743 0.018346 0.033111 0.061078 0.140897 0.416509 0.130003 0.054516 0.030078 0.016928 0.009616 0.005680 0.003971 0.003173 0.002976 0.002801 0.002643 0.002467 0.002223 0.002089 0.001838 0.001687 0.001670 0.001779 0.001755 0.001640 0.001698 0.001638 0.001492 0.001455 0.001474 0.001440 0.001334 0.001419 0.001688 
0.000206 0.000515 0.000701 0.000805 0.000868 0.000886 0.000953 0.001169 0.001606 0.002090 0.002400 0.002722 0.002740 0.002848 0.003557 0.005707 0.010738 0.020006 0.036094 0.061176 0.140472 0.397597 0.131404 0.060057 0.032665 0.018360 0.010169 0.005759 0.003818 0.003105 0.002939 0.002878 0.002751 0.002579 0.002406 0.002044 0.001793 0.001804 0.001750 0.001714 0.001770 0.001750 0.001615 0.001507 0.001549 0.001519 0.001418 0.001377 0.001664 0.001981 
0.000185 0.000457 0.000605 0.000681 0.000769 0.000820 0.000868 0.000977 0.001280 0.001653 0.001968 0.002342 0.002484 0.002655 0.002838 0.003628 0.005644 0.010423 0.018788 0.031861 0.058073 0.129546 0.418830 0.131729 0.057319 0.032578 0.018503 0.010400 0.005875 0.003927 0.003183 0.002954 0.002916 0.002885 0.002749 0.002447 0.002264 0.001978 0.001884 0.001931 0.001848 0.001761 0.001712 0.001673 0.001631 0.001535 0.001492 0.001615 0.001874 0.001966 
0.000182 0.000424 0.000521 0.000587 0.000701 0.000782 0.000854 0.000918 0.001099 0.001371 0.001619 0.002036 0.002291 0.002525 0.002734 0.002987 0.003728 0.005798 0.010270 0.018176 0.032054 0.059232 0.131783 0.410935 0.131137 0.059312 0.033146 0.018939 0.010832 0.006117 0.004055 0.003219 0.003140 0.003042 0.003084 0.002919 0.002567 0.002284 0.002182 0.002073 0.001881 0.001839 0.001867 0.001789 0.001695 0.001659 0.001795 0.001925 0.001965 0.001928 
0.000177 0.000388 0.000465 0.000504 0.000632 0.000725 0.000800 0.000877 0.001018 0.001178 0.001354 0.001702 0.001975 0.002284 0.002557 0.002836 0.003099 0.004006 0.005881 0.010273 0.017535 0.031314 0.055736 0.127464 0.421408 0.130819 0.056916 0.032005 0.019148 0.010703 0.006142 0.004184 0.003453 0.003334 0.003465 0.003180 0.002890 0.002744 0.002511 0.002197 0.002035 0.002012 0.001957 0.001854 0.001871 0.002008 0.002123 0.002036 0.001937 0.002289 
0.000164 0.000375 0.000450 0.000480 0.000588 0.000675 0.000766 0.000848 0.001012 0.001160 0.001227 0.001511 0.001711 0.002058 0.002419 0.002759 0.003057 0.003478 0.004309 0.006284 0.009923 0.017534 0.031558 0.057434 0.130326 0.413565 0.129497 0.056165 0.033231 0.018547 0.010560 0.006190 0.004430 0.003828 0.003733 0.003362 0.003284 0.003067 0.002749 0.002500 0.002273 0.002165 0.002028 0.001991 0.002206 0.002382 0.002279 0.001984 0.002217 0.003660 
0.000147 0.000343 0.000443 0.000475 0.000547 0.000610 0.000696 0.000799 0.000981 0.001155 0.001182 0.001358 0.001476 0.001750 0.002149 0.002552 0.002889 0.003325 0.003682 0.004526 0.005764 0.009551 0.017628 0.031565 0.055764 0.127356 0.421056 0.126297 0.056480 0.030261 0.017513 0.010331 0.006478 0.004708 0.004061 0.003745 0.003453 0.003211 0.003016 0.002835 0.002558 0.002269 0.002189 0.002297 0.002500 0.002462 0.002179 0.002128 0.003243 0.006017 
0.000136 0.000317 0.000428 0.000475 0.000530 0.000562 0.000631 0.000756 0.000957 0.001124 0.001168 0.001312 0.001303 0.001527 0.001847 0.002279 0.002685 0.003127 0.003444 0.003762 0.004028 0.005406 0.009904 0.018027 0.031342 0.055210 0.126237 0.428005 0.123513 0.050598 0.028536 0.017221 0.010289 0.006421 0.005033 0.004026 0.003573 0.003308 0.003229 0.003049 0.002735 0.002518 0.002485 0.002596 0.002552 0.002280 0.002201 0.002991 0.005251 0.009068 
0.000134 0.000320 0.000430 0.000495 0.000549 0.000578 0.000639 0.000765 0.000986 0.001179 0.001242 0.001373 0.001339 0.001439 0.001699 0.002098 0.002609 0.003085 0.003418 0.003649 0.003477 0.003872 0.006044 0.011139 0.020258 0.035291 0.060991 0.133441 0.387895 0.123121 0.053976 0.031016 0.017780 0.010692 0.006728 0.004750 0.003785 0.003522 0.003338 0.003143 0.002940 0.002928 0.002949 0.002716 0.002358 0.002193 0.002994 0.005342 0.009090 0.014205 
0.000130 0.000292 0.000387 0.000437 0.000499 0.000549 0.000607 0.000701 0.000883 0.001070 0.001142 0.001274 0.001252 0.001304 0.001432 0.001775 0.002124 0.002614 0.002992 0.003244 0.003175 0.003066 0.003934 0.006125 0.011026 0.019179 0.031818 0.053227 0.119883 0.417685 0.120849 0.050797 0.027897 0.016832 0.010258 0.006449 0.004668 0.003765 0.003409 0.003174 0.003208 0.003264 0.003079 0.002604 0.002362 0.003015 0.004916 0.008135 0.011731 0.015759 
0.000128 0.000284 0.000351 0.000399 0.000469 0.000540 0.000606 0.000686 0.000834 0.000978 0.001086 0.001213 0.001208 0.001256 0.001370 0.001512 0.001796 0.002216 0.002628 0.003013 0.002994 0.002907 0.003194 0.004067 0.006338 0.010938 0.018445 0.030069 0.052644 0.121049 0.417051 0.117769 0.047237 0.026927 0.016160 0.010192 0.006410 0.004523 0.003635 0.003492 0.003448 0.003337 0.002993 0.002735 0.003337 0.005055 0.007947 0.011420 0.014200 0.016913 
0.000132 0.000278 0.000345 0.000382 0.000477 0.000553 0.000632 0.000719 0.000837 0.000969 0.001050 0.001198 0.001214 0.001296 0.001349 0.001448 0.001576 0.001945 0.002354 0.002809 0.002943 0.002965 0.003087 0.003363 0.004497 0.006679 0.011334 0.018901 0.031510 0.052999 0.122673 0.393559 0.116017 0.048788 0.026487 0.016975 0.010400 0.006355 0.004643 0.003933 0.003575 0.003164 0.003074 0.003819 0.005789 0.008788 0.012107 0.015250 0.016671 0.018093 
0.000126 0.000268 0.000327 0.000369 0.000452 0.000529 0.000610 0.000688 0.000821 0.000926 0.000976 0.001111 0.001172 0.001221 0.001296 0.001382 0.001457 0.001716 0.002059 0.002484 0.002684 0.002771 0.002979 0.003207 0.003627 0.004672 0.006946 0.011037 0.017654 0.028447 0.048088 0.113388 0.409944 0.114190 0.043845 0.026416 0.016479 0.010254 0.006562 0.004764 0.003617 0.003392 0.004142 0.006182 0.009106 0.012182 0.014660 0.016172 0.016150 0.016457 
0.000119 0.000260 0.000332 0.000366 0.000445 0.000510 0.000583 0.000675 0.000801 0.000914 0.000951 0.001102 0.001085 0.001168 0.001257 0.001350 0.001455 0.001658 0.001850 0.002303 0.002392 0.002569 0.002915 0.003073 0.003465 0.003993 0.004993 0.006813 0.010501 0.016977 0.027115 0.047164 0.112951 0.405155 0.109571 0.045273 0.026147 0.016447 0.010194 0.006224 0.004518 0.004660 0.006603 0.009644 0.012762 0.015157 0.016290 0.016446 0.015385 0.015418 
0.000108 0.000248 0.000319 0.000354 0.000419 0.000462 0.000525 0.000610 0.000738 0.000863 0.000940 0.001024 0.000998 0.001056 0.001166 0.001310 0.001413 0.001581 0.001780 0.002075 0.002110 0.002249 0.002606 0.002923 0.003379 0.003654 0.004042 0.005012 0.006201 0.009710 0.015271 0.024029 0.040699 0.102824 0.443594 0.106522 0.039559 0.023110 0.014752 0.009421 0.006905 0.007383 0.009401 0.012139 0.014065 0.014980 0.014799 0.014098 0.013160 0.013415 
0.000107 0.000258 0.000340 0.000392 0.000439 0.000480 0.000535 0.000616 0.000771 0.000937 0.000966 0.001060 0.001012 0.001043 0.001169 0.001342 0.001471 0.001682 0.001798 0.002045 0.001979 0.002036 0.002472 0.002948 0.003304 0.003507 0.003972 0.004271 0.004665 0.006505 0.010262 0.016409 0.026128 0.045271 0.113506 0.399248 0.104909 0.041260 0.024190 0.016443 0.012939 0.012648 0.014527 0.016525 0.017282 0.016837 0.015627 0.014430 0.013429 0.014010 
0.000108 0.000258 0.000352 0.000396 0.000454 0.000484 0.000528 0.000605 0.000789 0.000925 0.000974 0.001065 0.001013 0.001056 0.001144 0.001311 0.001506 0.001698 0.001819 0.002055 0.001872 0.001841 0.002359 0.002674 0.003096 0.003532 0.003776 0.003909 0.003833 0.004855 0.006656 0.010367 0.016808 0.026961 0.043467 0.108181 0.392183 0.103479 0.042059 0.027714 0.022579 0.020243 0.019528 0.019411 0.018140 0.016516 0.014757 0.013657 0.013020 0.013986 
0.000108 0.000270 0.000338 0.000390 0.000450 0.000485 0.000525 0.000608 0.000749 0.000898 0.000954 0.001047 0.001029 0.001056 0.001139 0.001317 0.001448 0.001699 0.001860 0.002011 0.001866 0.001865 0.002075 0.002395 0.002960 0.003321 0.003536 0.003644 0.003592 0.003943 0.004729 0.006379 0.010531 0.017077 0.025570 0.042843 0.104198 0.394192 0.104768 0.046936 0.034966 0.028878 0.024447 0.020895 0.017739 0.015204 0.013531 0.012787 0.012698 0.014054 
0.000114 0.000264 0.000340 0.000370 0.000445 0.000487 0.000546 0.000590 0.000728 0.000866 0.000906 0.001064 0.001025 0.001065 0.001187 0.001304 0.001418 0.001685 0.001813 0.002075 0.001976 0.001799 0.001965 0.002275 0.002692 0.002960 0.003302 0.003537 0.003383 0.003549 0.003778 0.004633 0.006699 0.010521 0.016225 0.024968 0.042100 0.104145 0.406744 0.109291 0.052375 0.037789 0.029260 0.022551 0.017268 0.014319 0.012662 0.012273 0.012484 0.014184 
0.000119 0.000273 0.000339 0.000370 0.000443 0.000511 0.000544 0.000596 0.000728 0.000848 0.000902 0.001052 0.001038 0.001128 0.001204 0.001318 0.001445 0.001625 0.001824 0.002199 0.001964 0.001776 0.002029 0.002177 0.002373 0.002711 0.003126 0.003364 0.003209 0.003329 0.003657 0.003953 0.004900 0.006472 0.010439 0.017099 0.027948 0.047007 0.110109 0.413216 0.111506 0.051946 0.035679 0.026040 0.018949 0.014664 0.012808 0.012244 0.012509 0.014291 
0.000122 0.000289 0.000357 0.000379 0.000472 0.000501 0.000556 0.000614 0.000738 0.000889 0.000896 0.001056 0.001084 0.001160 0.001235 0.001373 0.001424 0.001663 0.001903 0.002107 0.001899 0.001897 0.002009 0.002044 0.002275 0.002551 0.002919 0.003122 0.003107 0.003481 0.003736 0.003718 0.003849 0.004861 0.007916 0.013922 0.023560 0.036233 0.054598 0.115373 0.400779 0.109014 0.049661 0.033289 0.023603 0.017592 0.014138 0.012932 0.012710 0.014396 
0.000126 0.000291 0.000376 0.000408 0.000469 0.000509 0.000560 0.000616 0.000783 0.000909 0.000906 0.001117 0.001094 0.001171 0.001297 0.001372 0.001471 0.001777 0.001850 0.002020 0.001992 0.001900 0.001939 0.002024 0.002278 0.002460 0.002622 0.002911 0.003133 0.003587 0.003661 0.003332 0.003656 0.005077 0.008571 0.013781 0.021388 0.030302 0.039889 0.054425 0.110389 0.400583 0.103795 0.046133 0.030341 0.022232 0.016923 0.013993 0.013084 0.014480 
0.000131 0.000297 0.000392 0.000423 0.000478 0.000519 0.000557 0.000633 0.000800 0.000929 0.000967 0.001154 0.001099 0.001211 0.001276 0.001430 0.001589 0.001742 0.001825 0.002123 0.001960 0.001789 0.001923 0.002096 0.002261 0.002352 0.002581 0.002931 0.003220 0.003453 0.003350 0.003304 0.004554 0.007340 0.011136 0.016149 0.021052 0.026174 0.031514 0.038142 0.051310 0.105906 0.394881 0.100208 0.043730 0.029414 0.021684 0.016795 0.014204 0.015013 
0.000131 0.000308 0.000393 0.000433 0.000501 0.000520 0.000574 0.000639 0.000800 0.000992 0.001002 0.001168 0.001152 0.001184 0.001300 0.001517 0.001563 0.001729 0.001945 0.002085 0.001847 0.001726 0.001943 0.002078 0.002214 0.002388 0.002801 0.003167 0.003067 0.003020 0.003166 0.004245 0.007030 0.011088 0.014873 0.019000 0.021644 0.023137 0.025120 0.028792 0.035573 0.048684 0.103642 0.382782 0.098418 0.043666 0.029348 0.021995 0.017244 0.016365 
0.000132 0.000310 0.000391 0.000453 0.000501 0.000552 0.000580 0.000646 0.000845 0.001004 0.001036 0.001231 0.001138 0.001221 0.001396 0.001492 0.001569 0.001872 0.001936 0.001990 0.001808 0.001782 0.001902 0.001976 0.002244 0.002656 0.003061 0.003126 0.002674 0.002750 0.003879 0.006461 0.010398 0.014732 0.017302 0.019951 0.020308 0.019722 0.019314 0.021036 0.025324 0.032148 0.045411 0.098815 0.391697 0.096338 0.041959 0.029020 0.022183 0.019731 
0.000130 0.000303 0.000404 0.000448 0.000525 0.000559 0.000613 0.000698 0.000860 0.001026 0.001087 0.001217 0.001183 0.001325 0.001377 0.001477 0.001693 0.001851 0.001859 0.001953 0.001869 0.001782 0.001827 0.001973 0.002458 0.002926 0.003076 0.002850 0.002537 0.003582 0.005996 0.010007 0.014193 0.017853 0.018803 0.019833 0.018868 0.017248 0.016342 0.016611 0.019260 0.024037 0.031167 0.044737 0.098303 0.388797 0.094781 0.042672 0.029466 0.025558 
0.000125 0.000311 0.000393 0.000458 0.000524 0.000598 0.000677 0.000737 0.000897 0.001085 0.001065 0.001237 0.001293 0.001316 0.001370 0.001595 0.001671 0.001754 0.001828 0.002002 0.001883 0.001716 0.001831 0.002202 0.002680 0.002888 0.002807 0.002837 0.003573 0.006024 0.009721 0.014218 0.017615 0.019789 0.019156 0.018984 0.017386 0.015831 0.014903 0.014962 0.015962 0.018870 0.023696 0.031008 0.044154 0.097746 0.384073 0.094729 0.043286 0.034536 
0.000128 0.000300 0.000407 0.000448 0.000551 0.000651 0.000712 0.000784 0.000977 0.001086 0.001108 0.001352 0.001290 0.001312 0.001505 0.001588 0.001595 0.001735 0.001886 0.002007 0.001827 0.001744 0.002075 0.002472 0.002691 0.002633 0.002870 0.004036 0.006673 0.010436 0.014627 0.018751 0.020346 0.020918 0.019108 0.018355 0.016846 0.015664 0.015125 0.014976 0.015288 0.016336 0.019217 0.024332 0.031975 0.046077 0.099185 0.364982 0.097088 0.051925 
0.000133 0.000334 0.000413 0.000481 0.000614 0.000679 0.000765 0.000886 0.001012 0.001173 0.001272 0.001390 0.001334 0.001484 0.001544 0.001578 0.001658 0.001837 0.001920 0.001983 0.001899 0.002059 0.002353 0.002466 0.002501 0.002873 0.004274 0.006924 0.011094 0.014704 0.017770 0.020028 0.019852 0.019119 0.017427 0.016689 0.015691 0.015197 0.015031 0.014949 0.014680 0.014924 0.015879 0.018638 0.023880 0.031087 0.044281 0.094859 0.392574 0.103807 
0.000144 0.000346 0.000473 0.000546 0.000642 0.000745 0.000868 0.000974 0.001180 0.001401 0.001395 0.001508 0.001595 0.001597 0.001591 0.001694 0.001845 0.001953 0.001996 0.002131 0.002313 0.002512 0.002529 0.002480 0.003028 0.004860 0.008125 0.012251 0.017762 0.020238 0.021684 0.022270 0.020725 0.019630 0.018201 0.017838 0.017269 0.017233 0.017497 0.017498 0.017036 0.016922 0.017195 0.018122 0.021762 0.027625 0.036198 0.051978 0.106354 0.396241 
