0.872108 0.092268 0.018992 0.006653 0.002517 0.001112 0.000718 0.000677 0.000669 0.000602 0.000493 0.000374 0.000267 0.000203 0.000167 0.000148 0.000139 0.000128 0.000115 0.000104 0.000097 0.000088 0.000083 0.000084 0.000082 0.000076 0.000070 0.000063 0.000058 0.000054 0.000053 0.000051 0.000049 0.000048 0.000046 0.000044 0.000041 0.000038 0.000036 0.000037 0.000038 0.000036 0.000034 0.000034 0.000033 0.000030 0.000029 0.000031 0.000036 0.000045 
0.155239 0.643236 0.125690 0.036501 0.014860 0.006525 0.003252 0.002059 0.001619 0.001411 0.001187 0.001033 0.000826 0.000649 0.000516 0.000422 0.000356 0.000309 0.000279 0.000255 0.000232 0.000217 0.000204 0.000191 0.000179 0.000168 0.000155 0.000143 0.000134 0.000130 0.000126 0.000121 0.000118 0.000115 0.000111 0.000107 0.000102 0.000095 0.000093 0.000094 0.000089 0.000088 0.000088 0.000081 0.000082 0.000077 0.000078 0.000082 0.000095 0.000179 
0.039007 0.153436 0.576235 0.136989 0.042692 0.018680 0.008573 0.004601 0.002813 0.002036 0.001682 0.001523 0.001305 0.001081 0.000882 0.000714 0.000571 0.000479 0.000422 0.000385 0.000355 0.000336 0.000321 0.000297 0.000274 0.000252 0.000235 0.000218 0.000206 0.000198 0.000190 0.000181 0.000176 0.000173 0.000169 0.000165 0.000160 0.000155 0.000152 0.000145 0.000138 0.000134 0.000130 0.000128 0.000123 0.000121 0.000120 0.000127 0.000201 0.000316 
0.017311 0.056448 0.173541 0.499683 0.136131 0.050932 0.023891 0.013241 0.006660 0.003257 0.001852 0.001460 0.001418 0.001406 0.001302 0.001126 0.000891 0.000681 0.000540 0.000467 0.000444 0.000438 0.000424 0.000403 0.000370 0.000339 0.000308 0.000289 0.000270 0.000251 0.000238 0.000228 0.000220 0.000219 0.000222 0.000219 0.000221 0.000223 0.000209 0.000195 0.000183 0.000164 0.000150 0.000145 0.000149 0.000140 0.000151 0.000227 0.000311 0.000411 
0.006567 0.023042 0.054230 0.136499 0.513748 0.141941 0.048245 0.028077 0.014920 0.007521 0.003767 0.002139 0.001621 0.001497 0.001462 0.001398 0.001215 0.000989 0.000773 0.000627 0.000544 0.000512 0.000500 0.000487 0.000472 0.000440 0.000408 0.000365 0.000331 0.000306 0.000289 0.000280 0.000278 0.000280 0.000280 0.000282 0.000282 0.000271 0.000262 0.000251 0.000225 0.000204 0.000183 0.000170 0.000168 0.000169 0.000256 0.000354 0.000396 0.000476 
0.002756 0.009610 0.022536 0.048505 0.134814 0.511490 0.133584 0.056143 0.030192 0.015415 0.007546 0.003853 0.002218 0.001718 0.001602 0.001601 0.001488 0.001279 0.001042 0.000824 0.000683 0.000606 0.000581 0.000576 0.000558 0.000540 0.000497 0.000445 0.000393 0.000364 0.000350 0.000335 0.000338 0.000340 0.000343 0.000347 0.000338 0.000326 0.000313 0.000293 0.000265 0.000233 0.000214 0.000195 0.000201 0.000284 0.000398 0.000431 0.000459 0.000538 
0.001519 0.004089 0.008829 0.019421 0.039113 0.114023 0.550859 0.142670 0.048210 0.023125 0.011952 0.006889 0.004130 0.002672 0.002016 0.001664 0.001488 0.001338 0.001185 0.001019 0.000861 0.000753 0.000676 0.000637 0.000617 0.000583 0.000554 0.000502 0.000459 0.000419 0.000403 0.000402 0.000392 0.000401 0.000404 0.000389 0.000378 0.000363 0.000331 0.000312 0.000290 0.000275 0.000264 0.000266 0.000405 0.000466 0.000470 0.000479 0.000482 0.000555 
0.001630 0.002948 0.005398 0.012262 0.025932 0.054595 0.162535 0.463333 0.136788 0.054630 0.027568 0.015153 0.007571 0.003892 0.002319 0.001801 0.001659 0.001597 0.001469 0.001281 0.001076 0.000910 0.000803 0.000737 0.000698 0.000666 0.000616 0.000573 0.000526 0.000490 0.000463 0.000445 0.000448 0.000449 0.000444 0.000438 0.000428 0.000400 0.000369 0.000337 0.000308 0.000279 0.000258 0.000338 0.000493 0.000471 0.000501 0.000517 0.000535 0.000623 
0.001678 0.002413 0.003434 0.006416 0.014335 0.030542 0.057135 0.142297 0.465518 0.137782 0.053235 0.031062 0.015740 0.007759 0.003954 0.002258 0.001736 0.001621 0.001601 0.001517 0.001350 0.001170 0.001003 0.000880 0.000786 0.000721 0.000677 0.000632 0.000599 0.000570 0.000542 0.000517 0.000511 0.000505 0.000492 0.000481 0.000454 0.000420 0.000386 0.000364 0.000328 0.000302 0.000382 0.000477 0.000560 0.000531 0.000544 0.000544 0.000568 0.000672 
0.001507 0.002099 0.002480 0.003132 0.007213 0.015566 0.027358 0.056732 0.137543 0.469343 0.133137 0.059020 0.030123 0.015194 0.007708 0.003971 0.002273 0.001729 0.001620 0.001638 0.001574 0.001455 0.001277 0.001085 0.000930 0.000809 0.000735 0.000694 0.000666 0.000648 0.000628 0.000611 0.000575 0.000559 0.000550 0.000506 0.000474 0.000435 0.000406 0.000384 0.000364 0.000436 0.000537 0.000575 0.000644 0.000595 0.000580 0.000571 0.000589 0.000720 
0.001187 0.001699 0.001972 0.001714 0.003477 0.007333 0.013605 0.027547 0.051134 0.128105 0.494690 0.135884 0.049893 0.026220 0.014448 0.007898 0.004157 0.002287 0.001667 0.001601 0.001691 0.001673 0.001554 0.001351 0.001131 0.000954 0.000823 0.000760 0.000726 0.000711 0.000712 0.000684 0.000658 0.000626 0.000584 0.000548 0.000492 0.000459 0.000429 0.000431 0.000540 0.000641 0.000650 0.000693 0.000743 0.000669 0.000614 0.000591 0.000615 0.000730 
0.001030 0.001689 0.002040 0.001544 0.002256 0.004279 0.008961 0.017302 0.034095 0.064896 0.155281 0.421250 0.135599 0.058780 0.032091 0.017211 0.008383 0.003899 0.002028 0.001618 0.001716 0.001865 0.001839 0.001681 0.001437 0.001179 0.000984 0.000851 0.000803 0.000793 0.000770 0.000762 0.000732 0.000680 0.000616 0.000559 0.000529 0.000478 0.000438 0.000526 0.000588 0.000595 0.000633 0.000653 0.000710 0.000645 0.000627 0.000633 0.000654 0.000793 
0.000711 0.001308 0.001693 0.001452 0.001655 0.002385 0.005202 0.008370 0.016729 0.032071 0.055206 0.131296 0.457941 0.136885 0.056230 0.031498 0.016312 0.007967 0.003829 0.002130 0.001813 0.001890 0.001990 0.001929 0.001743 0.001497 0.001230 0.001041 0.000919 0.000856 0.000841 0.000819 0.000786 0.000737 0.000682 0.000621 0.000571 0.000540 0.000612 0.000756 0.000746 0.000730 0.000729 0.000731 0.000767 0.000696 0.000683 0.000668 0.000681 0.000826 
0.000526 0.000998 0.001361 0.001399 0.001485 0.001794 0.003269 0.004180 0.008009 0.015712 0.028180 0.055282 0.132957 0.465570 0.134943 0.055693 0.029357 0.015082 0.007524 0.003822 0.002323 0.002005 0.002038 0.002080 0.001987 0.001790 0.001540 0.001284 0.001085 0.000957 0.000901 0.000854 0.000809 0.000780 0.000747 0.000695 0.000648 0.000733 0.000835 0.000900 0.000889 0.000824 0.000785 0.000770 0.000815 0.000754 0.000724 0.000709 0.000723 0.000872 
0.000440 0.000805 0.001129 0.001315 0.001472 0.001698 0.002503 0.002528 0.004143 0.008091 0.015762 0.030636 0.055440 0.136977 0.461228 0.134364 0.053295 0.028201 0.014747 0.007446 0.003912 0.002435 0.002122 0.002142 0.002155 0.002039 0.001839 0.001572 0.001305 0.001116 0.000964 0.000873 0.000829 0.000810 0.000795 0.000762 0.000880 0.000965 0.000953 0.001031 0.000953 0.000854 0.000804 0.000799 0.000864 0.000793 0.000763 0.000740 0.000776 0.000936 
0.000421 0.000713 0.000988 0.001230 0.001521 0.001835 0.002234 0.002122 0.002558 0.004507 0.009315 0.017764 0.033576 0.061121 0.145269 0.432139 0.134184 0.056651 0.030351 0.015577 0.007693 0.004004 0.002516 0.002179 0.002192 0.002227 0.002099 0.001905 0.001615 0.001312 0.001089 0.000918 0.000848 0.000829 0.000813 0.000922 0.001060 0.001068 0.001059 0.001046 0.000948 0.000839 0.000810 0.000821 0.000882 0.000800 0.000780 0.000788 0.000845 0.001017 
0.000410 0.000625 0.000820 0.001011 0.001375 0.001772 0.002076 0.002033 0.002045 0.002681 0.005096 0.008993 0.018073 0.033486 0.059887 0.139464 0.435920 0.134175 0.057047 0.030637 0.015707 0.007988 0.004244 0.002634 0.002242 0.002204 0.002214 0.002115 0.001876 0.001570 0.001273 0.001054 0.000896 0.000845 0.000982 0.001107 0.001207 0.001212 0.001131 0.001067 0.000946 0.000865 0.000842 0.000841 0.000903 0.000819 0.000821 0.000848 0.000895 0.001027 
0.000392 0.000561 0.000713 0.000800 0.001159 0.001578 0.001935 0.002026 0.001977 0.002113 0.002905 0.004333 0.009144 0.017821 0.032828 0.060997 0.138997 0.432505 0.134744 0.057743 0.030862 0.016435 0.008515 0.004541 0.002731 0.002230 0.002166 0.002160 0.002038 0.001817 0.001548 0.001257 0.001038 0.001051 0.001169 0.001237 0.001317 0.001262 0.001151 0.001098 0.000977 0.000896 0.000875 0.000858 0.000921 0.000859 0.000876 0.000896 0.000917 0.001032 
0.000365 0.000526 0.000651 0.000658 0.000938 0.001333 0.001776 0.001932 0.002024 0.002051 0.002193 0.002336 0.004554 0.009213 0.017789 0.033864 0.061239 0.139630 0.423487 0.136375 0.058611 0.032680 0.017590 0.009170 0.004825 0.002794 0.002171 0.002030 0.002051 0.001972 0.001792 0.001547 0.001387 0.001361 0.001342 0.001356 0.001343 0.001247 0.001152 0.001128 0.001038 0.000936 0.000891 0.000891 0.000968 0.000918 0.000926 0.000909 0.000915 0.001126 
0.000332 0.000485 0.000600 0.000573 0.000768 0.001063 0.001540 0.001699 0.001934 0.002092 0.002125 0.001880 0.002555 0.004721 0.009060 0.017532 0.033176 0.060359 0.137566 0.421165 0.136150 0.061008 0.033987 0.018468 0.009733 0.005078 0.002825 0.002038 0.001914 0.001953 0.001905 0.001907 0.001814 0.001730 0.001652 0.001471 0.001366 0.001261 0.001168 0.001183 0.001088 0.000992 0.000946 0.000953 0.001056 0.000981 0.000943 0.000909 0.000996 0.001301 
0.000299 0.000425 0.000532 0.000525 0.000643 0.000850 0.001255 0.001375 0.001659 0.001938 0.002164 0.001922 0.002096 0.002765 0.004588 0.008346 0.016396 0.031097 0.056991 0.131241 0.435995 0.136119 0.058862 0.033371 0.018485 0.009866 0.005193 0.002794 0.001995 0.001843 0.002041 0.002135 0.002153 0.002141 0.001949 0.001690 0.001483 0.001327 0.001243 0.001222 0.001136 0.001056 0.001050 0.001060 0.001118 0.001023 0.000955 0.000991 0.001148 0.001450 
0.000268 0.000391 0.000497 0.000511 0.000595 0.000742 0.001081 0.001146 0.001416 0.001764 0.002109 0.002057 0.002153 0.002351 0.002813 0.004278 0.008212 0.016310 0.031297 0.057920 0.134063 0.429585 0.135612 0.059526 0.033841 0.018790 0.010001 0.005199 0.002758 0.002084 0.002118 0.002213 0.002339 0.002355 0.002198 0.001893 0.001675 0.001460 0.001303 0.001271 0.001164 0.001128 0.001142 0.001154 0.001169 0.001032 0.001054 0.001154 0.001320 0.001491 
0.000246 0.000360 0.000463 0.000483 0.000569 0.000696 0.000949 0.000989 0.001188 0.001514 0.001916 0.001984 0.002217 0.002337 0.002398 0.002630 0.004268 0.008266 0.016478 0.031562 0.056707 0.132651 0.432432 0.134875 0.058832 0.033497 0.018469 0.009974 0.005273 0.003031 0.002415 0.002278 0.002336 0.002389 0.002335 0.002138 0.001923 0.001663 0.001412 0.001320 0.001242 0.001200 0.001213 0.001193 0.001211 0.001143 0.001216 0.001348 0.001374 0.001395 
0.000246 0.000334 0.000425 0.000455 0.000549 0.000683 0.000885 0.000899 0.001032 0.001275 0.001650 0.001796 0.002128 0.002362 0.002397 0.002255 0.002623 0.004365 0.008507 0.016985 0.031838 0.057663 0.133570 0.430226 0.133997 0.058390 0.032802 0.018652 0.010038 0.005462 0.003321 0.002475 0.002253 0.002364 0.002386 0.002326 0.002174 0.001876 0.001592 0.001450 0.001337 0.001285 0.001240 0.001220 0.001313 0.001344 0.001436 0.001428 0.001315 0.001376 
0.000241 0.000314 0.000393 0.000420 0.000534 0.000665 0.000860 0.000855 0.000925 0.001096 0.001385 0.001540 0.001930 0.002265 0.002419 0.002276 0.002240 0.002634 0.004491 0.008981 0.017695 0.032892 0.058458 0.134447 0.427076 0.133078 0.057243 0.033364 0.018457 0.009994 0.005587 0.003206 0.002389 0.002340 0.002448 0.002404 0.002334 0.002105 0.001828 0.001673 0.001483 0.001338 0.001274 0.001312 0.001501 0.001576 0.001567 0.001381 0.001255 0.001830 
0.000229 0.000298 0.000368 0.000389 0.000505 0.000652 0.000825 0.000827 0.000860 0.000967 0.001185 0.001281 0.001681 0.002070 0.002323 0.002346 0.002234 0.002182 0.002638 0.004753 0.009580 0.018526 0.033762 0.059427 0.134989 0.423282 0.131230 0.058650 0.032712 0.017917 0.009737 0.005352 0.003138 0.002558 0.002461 0.002451 0.002392 0.002285 0.002104 0.001915 0.001657 0.001417 0.001386 0.001522 0.001719 0.001705 0.001505 0.001298 0.001594 0.003114 
0.000212 0.000280 0.000346 0.000359 0.000473 0.000608 0.000794 0.000774 0.000819 0.000890 0.001036 0.001083 0.001398 0.001802 0.002121 0.002239 0.002272 0.002146 0.002075 0.002677 0.005106 0.009983 0.018848 0.033801 0.058789 0.132865 0.429855 0.129733 0.055247 0.030890 0.017037 0.009392 0.005268 0.003297 0.002680 0.002447 0.002449 0.002362 0.002271 0.002118 0.001809 0.001619 0.001616 0.001752 0.001834 0.001596 0.001350 0.001520 0.002721 0.005345 
0.000205 0.000273 0.000343 0.000359 0.000452 0.000580 0.000766 0.000767 0.000813 0.000895 0.001018 0.000999 0.001261 0.001602 0.001932 0.002166 0.002313 0.002280 0.002068 0.002058 0.002927 0.005530 0.010847 0.020482 0.036516 0.063281 0.138253 0.403904 0.130282 0.056553 0.031132 0.017560 0.009624 0.005403 0.003335 0.002611 0.002457 0.002413 0.002302 0.002199 0.002030 0.001926 0.001964 0.001923 0.001740 0.001359 0.001417 0.002570 0.005172 0.009140 
0.000191 0.000261 0.000330 0.000341 0.000416 0.000521 0.000712 0.000716 0.000784 0.000872 0.000989 0.000957 0.001131 0.001376 0.001630 0.001866 0.002085 0.002186 0.002123 0.001965 0.002124 0.002982 0.005827 0.011202 0.020529 0.035869 0.059833 0.132401 0.410579 0.128416 0.053883 0.030723 0.017042 0.009284 0.005431 0.003415 0.002714 0.002367 0.002207 0.002197 0.002234 0.002278 0.002177 0.001860 0.001528 0.001403 0.002367 0.004723 0.008366 0.012590 
0.000177 0.000251 0.000313 0.000314 0.000381 0.000478 0.000644 0.000662 0.000740 0.000842 0.000960 0.000938 0.001045 0.001204 0.001382 0.001503 0.001731 0.001934 0.002025 0.001989 0.001946 0.002234 0.003323 0.006047 0.011025 0.019486 0.033183 0.057007 0.127376 0.421739 0.124841 0.052141 0.028742 0.015719 0.008998 0.005492 0.003467 0.002576 0.002195 0.002270 0.002358 0.002388 0.002141 0.001706 0.001701 0.002325 0.004322 0.007559 0.011336 0.014843 
0.000171 0.000241 0.000297 0.000295 0.000356 0.000454 0.000613 0.000618 0.000697 0.000808 0.000952 0.000902 0.001017 0.001121 0.001182 0.001235 0.001389 0.001630 0.001821 0.001919 0.002133 0.002248 0.002620 0.003638 0.006100 0.010480 0.018112 0.031055 0.052891 0.123543 0.435278 0.121226 0.047723 0.026062 0.014869 0.008802 0.005405 0.003343 0.002552 0.002412 0.002363 0.002179 0.001948 0.001919 0.002650 0.004271 0.006980 0.010309 0.013446 0.015725 
0.000172 0.000244 0.000299 0.000296 0.000363 0.000457 0.000643 0.000624 0.000698 0.000826 0.000961 0.000936 0.001041 0.001117 0.001125 0.001093 0.001208 0.001391 0.001651 0.002018 0.002345 0.002467 0.002596 0.002849 0.003677 0.006053 0.010490 0.018405 0.031686 0.054214 0.127370 0.412376 0.119796 0.046985 0.026235 0.015323 0.008994 0.005498 0.003455 0.002660 0.002150 0.001859 0.001959 0.002884 0.004795 0.007580 0.010835 0.013922 0.016154 0.017223 
0.000169 0.000244 0.000298 0.000294 0.000370 0.000474 0.000645 0.000646 0.000709 0.000799 0.000950 0.000925 0.001026 0.001087 0.001097 0.001039 0.001056 0.001181 0.001522 0.001974 0.002431 0.002682 0.002737 0.002666 0.002817 0.003648 0.006050 0.010371 0.018071 0.030726 0.051553 0.123168 0.405760 0.117814 0.046443 0.026447 0.015368 0.009311 0.005641 0.003284 0.002107 0.001873 0.002938 0.005127 0.008018 0.011474 0.014311 0.016328 0.017185 0.017143 
0.000162 0.000231 0.000286 0.000285 0.000363 0.000464 0.000641 0.000630 0.000681 0.000756 0.000881 0.000836 0.000936 0.001020 0.001043 0.000988 0.000970 0.001164 0.001453 0.001832 0.002352 0.002627 0.002725 0.002722 0.002686 0.002894 0.003684 0.005666 0.009579 0.016353 0.027397 0.047009 0.114647 0.425604 0.115276 0.043691 0.024560 0.014680 0.008740 0.005089 0.003050 0.003183 0.005046 0.008014 0.010835 0.013756 0.015402 0.015967 0.015782 0.015363 
0.000155 0.000219 0.000274 0.000284 0.000358 0.000462 0.000638 0.000615 0.000654 0.000733 0.000808 0.000747 0.000854 0.000962 0.001010 0.000955 0.001110 0.001275 0.001412 0.001724 0.002110 0.002416 0.002624 0.002707 0.002768 0.002743 0.002950 0.003446 0.005521 0.009223 0.015400 0.025862 0.044528 0.113576 0.432614 0.112292 0.040324 0.023142 0.013703 0.008210 0.005878 0.005915 0.008140 0.011020 0.013190 0.015034 0.015479 0.015132 0.014500 0.014304 
0.000148 0.000216 0.000273 0.000286 0.000367 0.000475 0.000625 0.000617 0.000652 0.000686 0.000772 0.000690 0.000791 0.000912 0.000985 0.001102 0.001273 0.001373 0.001453 0.001562 0.001862 0.002118 0.002446 0.002686 0.002767 0.002782 0.002742 0.002746 0.003534 0.005729 0.009279 0.015375 0.025809 0.043815 0.114297 0.424128 0.109168 0.039287 0.022708 0.014318 0.011005 0.010809 0.012197 0.014195 0.015074 0.015851 0.015295 0.014508 0.014006 0.014208 
0.000139 0.000207 0.000264 0.000288 0.000367 0.000464 0.000608 0.000604 0.000616 0.000644 0.000694 0.000654 0.000729 0.000852 0.001138 0.001269 0.001390 0.001464 0.001441 0.001452 0.001636 0.001877 0.002203 0.002514 0.002690 0.002718 0.002748 0.002588 0.002813 0.003622 0.005706 0.009037 0.015019 0.024665 0.041103 0.109326 0.434345 0.106158 0.038023 0.024008 0.018618 0.016728 0.016322 0.016054 0.015339 0.014879 0.013904 0.013142 0.013066 0.013864 
0.000135 0.000201 0.000266 0.000303 0.000368 0.000465 0.000607 0.000587 0.000593 0.000615 0.000673 0.000614 0.000717 0.001002 0.001299 0.001329 0.001451 0.001459 0.001390 0.001394 0.001522 0.001700 0.001980 0.002256 0.002523 0.002700 0.002756 0.002643 0.002550 0.002798 0.003670 0.005744 0.009460 0.015328 0.024525 0.040905 0.110371 0.424538 0.106289 0.041624 0.030661 0.025300 0.021514 0.018603 0.015604 0.014238 0.013037 0.012617 0.012910 0.014167 
0.000134 0.000205 0.000274 0.000298 0.000373 0.000469 0.000581 0.000567 0.000571 0.000601 0.000660 0.000591 0.000852 0.001198 0.001346 0.001383 0.001421 0.001396 0.001348 0.001355 0.001497 0.001593 0.001765 0.002009 0.002299 0.002609 0.002781 0.002645 0.002496 0.002502 0.002940 0.003788 0.006015 0.009578 0.015241 0.024813 0.041488 0.111548 0.417190 0.111040 0.049603 0.036782 0.028127 0.021518 0.016465 0.013746 0.012443 0.012266 0.013027 0.014564 
0.000137 0.000208 0.000264 0.000280 0.000359 0.000442 0.000552 0.000523 0.000543 0.000574 0.000669 0.000714 0.001061 0.001300 0.001466 0.001377 0.001350 0.001341 0.001331 0.001383 0.001483 0.001566 0.001661 0.001843 0.002120 0.002393 0.002613 0.002545 0.002503 0.002607 0.002799 0.002938 0.003528 0.005618 0.009200 0.015762 0.026392 0.044011 0.111871 0.439213 0.113090 0.049257 0.034296 0.024325 0.017195 0.013707 0.011654 0.011512 0.012293 0.014132 
0.000151 0.000209 0.000267 0.000280 0.000343 0.000425 0.000544 0.000508 0.000520 0.000579 0.000892 0.000849 0.001112 0.001366 0.001442 0.001326 0.001273 0.001270 0.001302 0.001353 0.001465 0.001524 0.001663 0.001808 0.001997 0.002201 0.002373 0.002498 0.002706 0.002879 0.002916 0.002525 0.002407 0.003580 0.007002 0.012879 0.021759 0.034465 0.053129 0.120229 0.420405 0.111606 0.048135 0.032339 0.021736 0.016233 0.013104 0.011858 0.012361 0.014209 
0.000152 0.000220 0.000274 0.000265 0.000329 0.000396 0.000546 0.000487 0.000507 0.000733 0.001119 0.000909 0.001152 0.001339 0.001368 0.001242 0.001233 0.001232 0.001242 0.001306 0.001442 0.001563 0.001700 0.001839 0.001908 0.001991 0.002247 0.002509 0.002920 0.003087 0.002845 0.002310 0.002264 0.003955 0.007458 0.013389 0.020691 0.030100 0.041697 0.055424 0.118124 0.402527 0.107746 0.046260 0.030063 0.021831 0.016173 0.013388 0.012541 0.013960 
0.000146 0.000225 0.000271 0.000247 0.000300 0.000370 0.000535 0.000458 0.000652 0.000918 0.001156 0.000985 0.001171 0.001298 0.001311 0.001221 0.001222 0.001225 0.001204 0.001267 0.001459 0.001611 0.001750 0.001806 0.001849 0.001983 0.002284 0.002605 0.002842 0.002817 0.002590 0.002479 0.003617 0.006382 0.010450 0.015384 0.020556 0.026061 0.032466 0.039292 0.051873 0.109707 0.400374 0.103658 0.042251 0.030212 0.021420 0.016139 0.013831 0.014069 
0.000145 0.000206 0.000266 0.000238 0.000277 0.000335 0.000535 0.000598 0.000812 0.000979 0.001227 0.001012 0.001170 0.001269 0.001296 0.001233 0.001214 0.001195 0.001198 0.001271 0.001466 0.001620 0.001713 0.001768 0.001896 0.002169 0.002466 0.002540 0.002416 0.002234 0.002540 0.003633 0.006282 0.010091 0.014083 0.017823 0.020128 0.022433 0.024724 0.027742 0.034693 0.046888 0.103186 0.402679 0.099874 0.042638 0.029457 0.021347 0.016809 0.016187 
0.000134 0.000197 0.000241 0.000232 0.000261 0.000327 0.000774 0.000826 0.000902 0.001040 0.001247 0.001042 0.001162 0.001272 0.001329 0.001255 0.001236 0.001217 0.001234 0.001335 0.001466 0.001557 0.001648 0.001805 0.002055 0.002321 0.002446 0.002177 0.001882 0.002112 0.003324 0.005726 0.009312 0.012931 0.015977 0.017938 0.018228 0.017834 0.017932 0.018588 0.022101 0.028881 0.039865 0.094664 0.438981 0.096148 0.037714 0.027278 0.020857 0.018987 
0.000129 0.000195 0.000252 0.000231 0.000278 0.000492 0.000945 0.000838 0.000908 0.001019 0.001192 0.001004 0.001120 0.001249 0.001294 0.001208 0.001189 0.001204 0.001242 0.001316 0.001423 0.001458 0.001650 0.001959 0.002290 0.002442 0.002258 0.001804 0.001833 0.003063 0.005684 0.009602 0.014136 0.017416 0.019319 0.020011 0.018758 0.017264 0.015882 0.015719 0.017510 0.022249 0.030241 0.042874 0.102001 0.401091 0.095625 0.040984 0.030472 0.025678 
0.000126 0.000203 0.000254 0.000253 0.000429 0.000700 0.000969 0.000908 0.000947 0.001012 0.001113 0.000994 0.001119 0.001222 0.001268 0.001199 0.001214 0.001251 0.001276 0.001287 0.001353 0.001515 0.001787 0.002132 0.002319 0.002195 0.001945 0.001916 0.003149 0.005797 0.009460 0.013977 0.017955 0.019858 0.020256 0.019664 0.017849 0.016098 0.014640 0.013610 0.014395 0.016786 0.021834 0.030164 0.040744 0.097379 0.399858 0.095726 0.042559 0.035339 
0.000137 0.000215 0.000272 0.000384 0.000598 0.000766 0.000998 0.000945 0.000956 0.001005 0.001081 0.001014 0.001105 0.001207 0.001241 0.001223 0.001266 0.001290 0.001264 0.001253 0.001417 0.001675 0.002001 0.002140 0.002062 0.001911 0.002211 0.003507 0.006342 0.010233 0.014103 0.018126 0.020678 0.020779 0.019986 0.018826 0.017029 0.015725 0.014567 0.013570 0.013148 0.014025 0.016604 0.022063 0.029745 0.042125 0.096620 0.394412 0.096719 0.049430 
0.000156 0.000245 0.000423 0.000518 0.000658 0.000802 0.000988 0.000962 0.000982 0.001020 0.001106 0.001029 0.001106 0.001211 0.001279 0.001288 0.001313 0.001298 0.001251 0.001349 0.001614 0.001884 0.002005 0.001938 0.001843 0.002308 0.003890 0.006940 0.011045 0.015089 0.018086 0.020679 0.021397 0.020193 0.018831 0.017869 0.016646 0.015820 0.015211 0.014247 0.013475 0.012917 0.013991 0.017081 0.022362 0.030795 0.042235 0.095095 0.400058 0.105473 
0.000181 0.000430 0.000623 0.000640 0.000739 0.000879 0.001063 0.001046 0.001086 0.001165 0.001228 0.001167 0.001255 0.001364 0.001443 0.001450 0.001409 0.001366 0.001439 0.001648 0.001905 0.001989 0.001903 0.001895 0.002512 0.004215 0.007145 0.011464 0.015539 0.018469 0.019773 0.020612 0.019954 0.018376 0.017365 0.016946 0.016512 0.016229 0.015897 0.015311 0.014480 0.013442 0.013305 0.015377 0.019029 0.024259 0.032785 0.045433 0.098601 0.457658 
